speed(m/s)            acceleration(m/s^2)     conductor(m)            distance(m)                        width(m)                  T(s)                                   max(m)                                                      min(m)
20                    0                    3                            0                                       2                              0.5                                    60                                                             40
20                    0                    3                            60                                      2                              0.5                                    60                                                             40
20                    0                    3                            60                                      2                              0.5                                    60                                                             40
20                    0                    3                            60                                      2                              0.5                                    60                                                             40
20                    0                    3                            60                                      2                              0.5                                    60                                                             40
20                    0                    3                            60                                      2                              0.5                                    60                                                             40
20                    0                    3                            60                                      2                              0.5                                    60                                                             40
20                    0                    3                            60                                      2                              0.5                                    60                                                             40
20                    0                    3                            60                                      2                              0.5                                    60                                                             40
20                    0                    3                            60                                      2                              0.5                                    60                                                             40
        
